1496346699.413789
1496346699.8522098
1496346700.0346398
1496346700.1823318
1496346700.29999
1496346700.4301288
1496346700.531321
1496346700.644512
1496346700.752039
1496346700.838262
1496346710.127851
1496346710.8049102
1496346712.038197
1496346712.703375
1496346713.2989209
1496346713.8599072
1496346714.41422
1496346714.972158
1496346715.5310562
1496346715.999889
1496346716.524808
1496346717.0818958
1496348229.641114
1496348229.982354
1496348230.119776
1496348230.2422998
1496348230.3686981
1496348230.4817579
1496348230.609746
1496348230.740067
1496348230.8695412
1496348231.0052679
1496348231.14306
1496348231.259558
1496348231.406452
1496348231.545206
1496348231.667222
1496348231.8055072
1496348231.9417758
1496348232.065859
1496348232.221792
1496348232.347906
1496348232.488151
1496348232.607003
1496348232.751563
1496348232.8796852
1496348233.018483
1496348233.150224
1496348233.289703
1496348233.423867
1496348233.556233
1496348233.684625
1496348283.717422
1496348283.847137
1496348283.9732559
1496348284.101797
1496348284.232266
1496348284.3491352
1496348284.47807
1496348284.606884
1496348284.737956
1496348284.860947
1496348284.99297
1496348285.28229
1496348285.4622421
1496348304.141898
1496348304.5840142
1496348304.977417
1496348305.3130019
1496348305.618075
1496348305.984892
1496348306.338217
1496348306.689392
1496348307.021784
1496348307.384681
1496348307.749559
1496348308.0999098
1496348308.4133608
1496348308.737476
1496348309.04913
1496348325.277837
1496348325.412541
1496348325.5459158
1496348325.687096
1496348325.8299189
1496348325.9740381
1496348326.1118348
1496348326.266185
1496348326.380967
1496348326.4776268
1496348432.348463
1496348461.259576
1496348467.747041
1496348468.770417
1496348469.059351
1496348469.4102778
1496348469.722661
1496348470.1732988
1496348470.411674
1496348470.603297
1496348470.7932532
1496348471.020229
1496348471.244752
1496348471.457695
1496348471.667306
1496348471.877845
1496348472.069313
1496348472.2462232
1496348472.4309068
1496348472.586499
1496348472.73358
1496348472.8765728
1496348473.028949
1496348473.173805
1496348473.315937
1496348473.4688199
1496348473.605402
1496348473.750742
1496348473.876669
1496348474.0138571
1496348474.169225
1496348474.318165
1496348474.4700642
1496348474.616344
1496348474.766135
1496348474.906524
1496348475.04449
1496348475.194774
1496348475.340961
1496348475.4933639
1496348475.6386619
1496348475.789796
1496348475.942503
1496348476.085134
1496348476.238782
1496348476.3824399
1496348476.53544
1496348476.680757
1496348476.867541
1496348476.9915578
1496348477.1397812
1496348477.293067
1496348477.4369001
1496348477.5895228
1496348477.734036
1496348477.8752482
1496348478.0306401
1496348478.188777
1496348478.339681
1496348478.4895418
1496348478.631136
1496348478.7797918
1496348478.993311
1496348479.0914
1496348479.2346601
1496348479.382109
1496348479.531132
1496348479.690016
1496348479.840981
1496348479.993031
1496348480.144483
1496348480.289588
1496348480.4248152
1496348480.71463
1496348480.867336
1496348481.174242
1496348481.3285959
1496348481.486113
1496348481.6389818
1496348481.8066702
1496348482.0926561
1496348482.258247
1496348482.412092
1496348482.565151
1496348482.718802
1496348482.985421
1496348483.117144
1496348583.2923882
1496348583.903991
1496348584.320392
1496348584.669442
1496348585.02263
1496348585.365993
1496348585.677055
1496348586.0008519
1496348586.33592
1496348586.652401
1496348586.952137
1496348587.288875
1496348587.56764
1496348587.8610618
1496348588.102216
1496348588.323285
1496349065.255506
1496349065.6171641
1496349065.751675
1496349065.9217489
1496349066.0467782
1496349066.173283
1496349066.3105469
1496349066.452585
1496349066.5927942
1496349066.720166
1496349066.855968
1496349066.9788191
1496349067.111286
1496349067.2534919
1496349067.391911
1496349067.521043
1496349067.6483378
1496349067.7925131
1496349067.914169
1496349068.0426712
1496349068.18173
1496349068.3062882
1496349068.445005
1496349068.575289
1496349068.6963
1496349068.837932
1496349068.960117
1496349069.105471
1496349069.24253
1496349069.370827
1496349069.506596
1496349069.641363
1496349069.771046
1496349069.907425
1496349070.0423942
1496349070.175339
1496349070.315628
1496349070.449253
1496349070.581771
1496349070.719058
1496349070.843446
1496349070.984732
1496349071.1316779
1496349071.266021
1496349071.398855
1496349071.54436
1496349071.669344
1496349071.803607
1496349071.896864
1496349097.7779992
1496349097.927076
1496349098.178286
1496349098.566366
1496349098.6915069
1496349098.822361
1496349098.935103
1496349099.060493
1496349099.205398
1496349099.321126
1496349099.457848
1496349099.5860322
1496349099.721542
1496349099.862198
1496349099.9921489
1496349100.147867
1496349100.277419
1496349100.424393
1496349100.575708
1496349100.7223182
1496349100.870773
1496349101.024758
1496349101.1993861
1496349101.557916
1496349101.737182
1496349101.890102
1496349102.025066
1496349102.162721
1496349102.292595
1496349102.425066
1496349102.55966
1496349102.71356
1496349102.869047
1496349103.020184
1496349252.392392
1496349252.5258932
1496349252.6461298
1496349252.769994
1496349252.892277
1496349253.028708
1496349253.155759
1496349253.292644
1496349253.440966
1496349253.5640562
1496349253.7016199
1496349253.849934
1496349253.979085
1496349254.118676
1496349254.260538
1496349254.398154
1496349254.527777
1496349254.666968
1496349254.7987158
1496349254.933262
1496349255.0859652
1496349255.21639
1496349255.348798
1496349255.493345
1496349255.6252532
1496349255.774713
1496349255.907613
1496349256.0596101
1496349256.184073
1496349256.335505
1496349256.485322
1496349256.63098
1496349256.782273
1496349256.941967
1496349257.081884
1496349257.224258
1496349257.383049
1496349257.6581278
1496349257.8000388
1496349257.955775
1496349258.094089
1496349258.2562351
1496349258.396277
1496349258.5259259
1496349258.670829
1496349258.8186638
1496349258.962302
1496349259.106119
1496349259.2439182
1496349259.391839
1496349259.543159
1496349259.793028
1496349259.939693
1496349260.078146
1496349260.216387
1496349260.361202
1496349260.510266
1496349260.64989
1496349260.7949288
1496349260.9316401
1496349261.082141
1496349261.240575
1496349261.379925
1496349261.5203252
1496349261.654939
1496349261.801811
1496349261.950999
1496349262.086748
1496349262.2399611
1496349262.3741708
1496349262.524328
1496349262.653891
1496349262.7930229
1496349262.932937
1496349263.069955
1496349263.228617
1496349263.366863
1496349263.504703
1496349263.660094
1496349263.805227
1496349263.951869
1496349264.083651
1496349264.2330408
1496349264.389089
1496349264.5138419
1496349264.677773
1496349264.7917
1496349264.942513
1496349265.0898209
1496349265.227413
1496349265.3587499
1496349265.5067909
1496349265.6599512
1496349265.806298
1496349265.9530299
1496349266.103876
1496349266.258951
1496349266.37377
1496349266.523634
1496349266.662827
1496349266.805459
1496349266.9386072
1496349267.09041
1496349267.227648
1496349267.3667479
1496349267.526809
1496349267.678865
1496349267.811761
1496349267.963553
1496349268.091815
1496349268.243893
1496349268.377109
1496349268.512773
1496349268.644944
1496349268.785881
1496349269.075037
1496349269.222877
1496349269.342299
1496349269.49222
1496349269.630795
1496349269.794574
1496349270.087235
1496349270.228508
1496349270.370032
1496349270.529878
1496349270.679858
1496349270.8176708
1496349270.952479
1496349271.107348
1496349344.544062
1496349344.814367
1496349344.938335
1496349345.0782468
1496349345.208917
1496349345.348472
1496349345.6129081
1496349345.7439868
1496349345.8806221
1496349346.009978
1496349346.152141
1496349346.282124
1496349346.437642
1496349346.56445
1496349346.70414
1496349346.8422358
1496349346.987236
1496349347.1186
1496349347.253033
1496349347.39209
1496349347.5356019
1496349347.679345
1496349347.8160572
1496349347.954589
1496349348.091409
1496349348.231265
1496349348.399252
1496349348.502534
1496349348.6698298
1496349348.781298
1496349348.9262452
1496349349.0576289
1496349349.1873338
1496349349.347679
1496349349.4843872
1496349349.631993
1496349349.8029609
1496349349.961312
1496349350.1037078
1496349350.268203
1496349350.4212039
1496349350.5745752
1496349350.735486
1496349350.889778
1496349351.0108669
1496349351.160429
1496349351.3080971
1496349351.43976
1496349351.577384
1496349351.71386
1496349351.845251
1496349351.9599319
1496349381.004521
1496349381.1770282
1496349381.406504
1496349381.5757608
1496349381.646177
1496349381.774762
1496349381.898239
1496349382.027502
1496349382.1467772
1496349382.284555
1496349382.402914
1496349382.527086
1496349382.6514418
1496349382.772079
1496349382.904012
1496349383.04016
1496349383.163894
1496349383.292259
1496349383.437247
1496349383.573747
1496349383.702896
1496349383.85317
1496349384.006606
1496349384.1404428
1496349384.261929
1496349384.398699
1496349384.541132
1496349384.677352
1496349384.804286
1496349384.9413939
1496349385.07951
1496349385.2064419
1496349385.3387551
1496349385.4773152
1496349385.607759
1496349385.738485
1496349385.875469
1496349386.005919
1496349386.13292
1496349386.278195
1496349386.39455
1496349386.537625
1496349386.668142
1496349386.813877
1496349386.9473422
1496349387.069592
1496349387.2295308
1496349387.3643572
1496349387.4958248
1496349387.6312
1496349387.769106
1496349387.9099479
1496349388.04781
1496349388.2011251
1496349388.3293371
1496349388.49061
1496349388.618109
1496349388.764669
1496349388.897696
1496349389.0588129
1496349389.316385
1496349389.469022
1496349389.600963
1496349389.743139
1496349389.888342
1496349390.024669
1496349390.180353
1496349390.3203042
1496349390.470392
1496349390.60373
1496349390.7572181
1496349390.892431
1496349391.0634649
1496349391.320394
1496349391.456863
1496349391.611917
1496349391.752651
1496349391.9130208
1496349392.071656
1496349392.2057211
1496349392.354211
1496349392.510384
1496349392.6738648
1496349392.835409
1496349392.992778
1496349393.146496
1496349393.303961
1496349393.46371
1496349393.5987048
1496349393.7519639
1496349393.897321
1496349394.29636
1496349394.437006
1496349394.585087
1496349394.728194
1496349394.888833
1496349395.035254
1496349395.183521
1496349395.313828
1496349395.583324
1496349395.739875
1496349395.9919329
1496349396.200494
1496349396.28655
1496349396.437247
1496349396.584713
1496349396.738852
1496349397.017457
1496349397.17361
1496349397.309011
1496349397.475014
1496349397.644353
1496349397.8286772
1496349398.0003982
1496349398.161085
1496349398.338188
1496349398.527615
1496349398.7198
1496349398.871412
1496349399.036823
1496349399.185614
1496349399.346786
1496349399.489681
1496349399.656441
1496349399.9315012
1496349400.093506
1496349400.2295082
1496349400.4065201
1496349400.5544991
1496349400.7011871
1496349400.848959
1496349401.0089412
1496349401.15774
1496349401.285824
1496349401.562847
1496349401.7056682
1496349401.8631449
1496349401.999029
1496349402.143622
1496349402.293636
1496349402.5853498
1496349402.881922
1496349403.086459
1496349403.186261
1496349403.335266
1496349403.479819
1496349403.629867
1496349403.7773151
1496349403.9236
1496349404.059735
1496349404.3523421
1496349404.523372
1496349404.661271
1496349404.791577
1496349405.0878131
1496349405.225348
1496349405.388049
1496349405.528186
1496349405.678411
1496349405.8475132
1496349406.248551
1496349406.404701
1496349406.548979
1496349406.694727
1496349406.851186
1496349406.979551
1496349407.144585
1496349407.277287
1496349407.431457
1496349407.5649788
1496349407.7009761
1496349407.8510442
1496349408.011772
1496354224.314144
1496354225.7596622
1496354239.5971122
1496354239.6166348
1496354239.755223
1496354239.861293
1496354240.1164532
1496354240.2419121
1496354240.365605
1496354240.488659
1496354240.61128
1496354240.7160902
1496354240.955437
1496354241.084481
1496354241.2066848
1496354241.340919
1496354241.4739468
1496354241.6907609
1496354241.8195798
1496354241.955699
1496354242.085077
1496354242.209269
1496354242.3306198
